Treatment	Plant Number	Scan Side	File	Class	Root Tips	Number of Branch Points	Total Root Length (mm)	Branching Frequency	Network Area (mm^2)	Average Diameter (mm)	Median Diameter	Maximum Diameter	Perimeter	Volume	Surface Area	Diameter 1 (length)	Diameter 2	Diameter 3	Diameter 4	Diameter 5	Diameter 1 (area)	Diameter 2	Diameter 3	Diameter 4	Diameter 5	Diameter 1 (surface area)	Diameter 2	Diameter 3	Diameter 4	Diameter 5	Diameter 1 (volume)	Diameter 2	Diameter 3	Diameter 4	Diameter 5	
Control	1	1	control20210629_001.tif	Control_1	104	108	225.543	0.479	112.5	0.776	0.458	3.185	340.97	187.62	542.987	54.527	96.901	69.457	4.658	0	8.051	44.347	107.707	12.733	0	25.293	139.322	338.371	40.001	0	0.962	19.435	139.745	27.479	0	
Control 	1	2	control20210629_002.tif	Control_1_2	19	137	257.636	0.532	148.588	1.018	0.568	4.623	317.441	411.407	826.629	22.15	148.312	57.748	29.426	0	3.452	71.139	92.181	96.352	0	10.845	223.491	289.595	302.698	0	0.437	31.577	123.963	255.431	0	
Control 	2	1	control20210629_001.tif	Control_2	144	666	1319.963	0.505	529.934	0.62	0.381	4.953	2082.011	960.71	2561.38	276.973	847.849	143.296	51.846	0	41.544	371.577	219.663	182.383	0	130.513	1167.803	690.093	572.972	0	5.046	151.182	282.29	522.191	0	
Control 	2	2	control20210629_002.tif	Control_2_2	139	504	1029.022	0.49	453.128	0.745	0.402	5.743	1541.371	1128.225	2410.558	172.202	651.521	149.91	49.792	5.598	26.065	295.459	226.836	188.885	30.061	81.885	928.212	712.626	593.398	94.438	3.192	125.215	286.963	585.878	126.976	
Control 	3	1	control20210629_001.tif	Control_3	235	1134	1999.971	0.567	713.043	0.546	0.359	5.624	3181.336	1213.484	3402.362	415.458	1369.638	158.065	51.526	5.284	63.991	558.077	245.978	186.522	27.936	201.07	1753.48	772.764	587.284	87.764	7.971	208.717	321.773	558.907	116.115	
Control 	3	2	control20210629_002.tif	Control_3_2	213	688	1270.265	0.542	505.6	0.624	0.381	4.828	1981.282	924.675	2498.931	209.509	869.333	146.57	44.852	0	32.033	377.9	222.784	162.676	0	100.672	1187.299	699.897	511.063	0	3.963	151.553	285.641	483.518	0	
Control 	4	1	control20210629_001.tif	Control_4	216	1068	1929.783	0.553	691.938	0.527	0.381	3.42	3022.473	724.823	3154.529	305.685	1421.439	184.337	18.322	0	47.033	628.713	276.891	51.141	0	147.794	1975.733	870.335	160.666	0	5.858	256.404	349.594	112.967	0	
Control 	4	2	control20210629_002.tif	Control_4_2	198	716	1320.072	0.542	512.406	0.595	0.381	5.471	2105.8	884.205	2473.952	224.928	925.533	129.595	37.088	2.928	34.385	405.729	196.082	135.678	15.325	108.023	1275.245	616.295	426.244	48.145	4.251	163.124	250.446	403.344	63.041	
Control 	5	1	control20210629_001.tif	Control_5	99	561	1019.916	0.55	446.128	0.703	0.458	4.32	1529.798	796.704	2232.123	126.975	703.818	144.751	44.371	0	19.705	329.593	216.941	143.836	0	61.906	1035.879	681.902	452.436	0	2.47	141.171	276.798	376.264	0	
Control 	5	2	control20210629_002.tif	Control_5_2	104	533	977.723	0.545	378.669	0.584	0.381	5.037	1573.026	577.333	1777.358	174.42	677.949	97.234	27.992	0.127	26.47	295.937	148.172	94.479	0.638	83.158	929.884	465.497	296.814	2.004	3.256	117.767	190.293	263.5	2.517	
Control 	6	1	control20210629_001.tif	Control_6	246	1532	2310.854	0.663	949.861	0.698	0.458	6.731	3229.558	1951.826	5018.581	266.199	1660.505	306.965	60.285	16.9	40.306	803.817	444.987	210.348	97.651	126.625	2525.865	1398.485	660.827	306.779	4.949	356.634	543.157	600.644	446.442	
Control 	6	2	control20210629_002.tif	Control_6_2	219	948	1744.167	0.544	715.422	0.685	0.402	5.34	2590.471	1414.264	3710.14	256.872	1188.307	229.396	66.594	2.998	39.559	547.415	343.042	234.976	15.536	124.278	1719.756	1077.697	739.6	48.809	4.929	232.066	431.096	682.921	63.252	
Control 	7	1	control20210629_003.tif	Control_7	149	804	1752.98	0.459	791.22	0.692	0.402	5.793	2797.551	1476.521	3761.111	267.779	1189.844	210.573	79.367	5.417	40.709	543.378	319.51	265.091	28.463	127.892	1707.221	1003.77	832.808	89.42	5.009	228.974	407.685	717.196	117.658	
Control 	7	2	control20210629_004.tif	Control_7_2	145	715	1570.49	0.455	688.345	0.657	0.458	5.455	2463.603	1117.478	3212.607	185.908	1134.076	198.677	47.773	4.056	28.419	525.462	282.236	165.006	21.404	89.318	1650.992	886.671	518.382	67.244	3.522	223.417	335.134	466.639	88.765	
Control 	8	1	control20210629_003.tif	Control_8	119	462	807.612	0.572	262.508	0.464	0.284	3.09	1350.789	295.383	1168.593	237.866	492.327	64.868	12.551	0	35.304	197.428	103.643	35.394	0	110.91	620.295	325.603	111.784	0	4.24	73.022	138.616	79.505	0	
Control 	8	2	control20210629_004.tif	Control_8_2	113	545	889.034	0.613	272.419	0.437	0.284	2.797	1466.762	249.03	1192.905	261.083	556.766	66.992	4.194	0	39.196	223.452	105.875	11.052	0	123.136	702.432	332.615	34.721	0	4.762	82.635	138.739	22.893	0	
Control 	9	1	control20210629_003.tif	Control_9	154	1003	1440.673	0.696	508.233	0.535	0.402	4.135	2122.659	550.862	2395.286	221.213	1067.697	136.949	14.813	0	33.704	492.594	189.069	46.986	0	105.884	1547.811	593.979	147.612	0	4.165	208.056	218.76	119.881	0	
Control 	9	2	control20210629_004.tif	Control_9_2	157	581	1076.077	0.54	422.761	0.604	0.402	4.979	1678.868	646.213	2036.391	176.694	747.792	126.02	25.571	0	27.157	346.155	183.039	91.622	0	85.317	1087.658	575.577	287.839	0	3.379	148.661	224.136	270.038	0	
Control 	10	1	control20210629_003.tif	Control_10	215	1088	2122.51	0.513	835.708	0.569	0.402	6.108	3379.458	1207.73	3778.46	305.789	1612.483	164.932	25.832	13.473	46.723	752.519	235.212	92.834	75.034	146.786	2365.158	739.145	291.646	235.726	5.784	320.107	280.285	272.696	328.859	
Control 	10	2	control20210629_004.tif	Control_10_2	240	718	1702.957	0.422	693.023	0.63	0.402	5.589	2784.895	1269.332	3358.106	277.897	1208.111	150.702	59.88	6.366	42.048	556.299	223.683	213.176	33.329	132.132	1747.87	702.722	670.676	104.706	5.154	232.471	277.379	617.184	137.146	
Control 	11	1	control20210629_003.tif	Control_11	137	954	1649.848	0.578	666.624	0.634	0.458	5.305	2430.814	1035.291	3248.883	216.601	1194.503	198.067	37.118	3.559	32.838	564.852	292.914	125.081	18.29	103.163	1775.093	920.216	392.953	57.459	4.027	245.251	364.624	347.535	73.854	
Control 	11	2	control20210629_004.tif	Control_11_2	154	756	1429.612	0.529	616.172	0.669	0.458	5.97	2106.933	948.932	2967.303	159.884	1033.313	203.158	29.642	3.616	24.372	503.182	297.605	99.13	19.881	76.602	1581.316	935.501	311.426	62.458	3.011	223.672	365.895	270.265	86.088	
Control	12	1																																		
Control	12	2																																		
Control 	13	1	control20210629_005.tif	Control_13	187	1027	1596.813	0.643	628.85	0.629	0.402	5.545	2345.041	1052.922	3149.375	201.058	1161.291	192.768	38.414	3.283	30.691	540.262	272.763	140.84	17.417	96.453	1698.179	857.566	442.462	54.716	3.797	231.784	324	420.718	72.623	
Control 	13	2	control20210629_006.tif	Control_13_2	147	832	1259.614	0.661	520.41	0.677	0.402	5.12	1835.39	1001.473	2676.862	164.134	890.494	149.667	54.515	0.804	24.851	412.159	221.999	188.017	4.08	78.143	1295.09	697.65	593.161	12.818	3.059	175.02	277.029	530.095	16.269	
Control 	14	1	control20210629_005.tif	Control_14	121	667	1142.386	0.584	490.636	0.683	0.402	6.038	1691.75	1026.767	2446.869	163.42	795.477	139.75	31.285	12.455	24.833	369.581	208.955	105.006	70.477	78.05	1161.073	656.451	329.885	221.41	3.055	156.878	263.952	288.941	313.941	
Control 	14	2	control20210629_006.tif	Control_14_2	161	669	1200.336	0.557	504.612	0.697	0.402	6.654	1789.577	1175.054	2614.595	171.024	836.389	137.833	40.467	14.623	26.126	382.139	201.5	139.79	82.479	82.077	1201.208	633.031	439.164	259.115	3.232	161.709	247.77	394.908	367.435	
Control 	15	1	control20210629_005.tif	Control_15	191	846	1571.239	0.538	587.789	0.56	0.381	3.637	2471.586	705.435	2718.749	288.523	1066.981	188.896	26.84	0	44.344	467.414	277.646	75.949	0	139.312	1468.588	872.25	238.599	0	5.51	189.382	340.236	170.307	0	
Control 	15	2	control20210629_006.tif	Control_15_2	185	855	1638.233	0.522	628.656	0.582	0.381	5.17	2560.885	904.61	2974.809	255.531	1197.317	137.873	46.265	1.248	39.495	548.783	203.214	148.67	6.363	124.076	1724.262	638.68	467.8	19.989	4.941	231.131	253.512	389.55	25.476	
F13 WT	1	1	F13WT20210629_001.tif	F13_1	209	794	1581.507	0.502	658.519	0.64	0.402	4.94	2420.957	995.306	3152.473	309.657	978.744	258.531	34.576	0	47.119	451.563	393.129	111.097	0	148.029	1419.613	1235.809	349.022	0	5.801	195.536	501.775	292.194	0	
F13 WT	1	2	F13WT20210629_002.tif	F13_1_2	173	784	1388.408	0.565	609.471	0.683	0.381	6.097	2106.059	1222.788	2994.926	243.406	893.057	183.909	62.031	6.005	37.129	396.905	282.593	203.322	33.262	116.643	1246.986	888.045	638.756	104.495	4.583	164.262	365.372	543.402	145.169	
F13 WT	2	1	F13WT20210629_001.tif	F13_2	130	540	1116.862	0.483	492.507	0.67	0.458	5.032	1744.675	803.224	2341.52	145.9	767.931	171.417	31.486	0.127	22.063	356.757	252.749	112.876	0.638	69.314	1121.028	794.565	354.61	2.004	2.699	153.146	313.53	331.334	2.515	
F13 WT	2	2	F13WT20210629_002.tif	F13_2_2	155	394	954.623	0.413	466.66	0.758	0.402	5.485	1521.91	975.565	2273.775	149.924	593.286	155.543	53.835	2.035	22.267	275.533	231.103	184.016	10.737	69.954	865.72	726.265	578.103	33.732	2.676	119.499	291.456	517.397	44.537	
F13 WT	3	1	F13WT20210629_001.tif	F13_3	143	574	1201.842	0.478	506.93	0.655	0.381	5.236	1906.039	914.448	2465.205	210.106	785.442	162.877	41.129	2.289	31.402	344.835	258.823	137.819	11.633	98.652	1083.918	813.118	432.971	36.547	3.798	139.259	344.901	380.038	46.451	
F13 WT	3	2	F13WT20210629_002.tif	F13_3_2	139	602	1039.317	0.579	463.963	0.78	0.508	5.058	1474.095	977.441	2537.696	133.573	653.834	209.933	41.823	0.153	20.265	316.25	328.221	142.139	0.772	63.666	993.925	1031.136	446.544	2.426	2.487	141.839	433.308	396.751	3.056	
F13 WT	4	1	F13WT20210629_001.tif	F13_4	224	819	1657.896	0.494	664.595	0.539	0.458	4.379	2737.698	625.372	2796.884	274.889	1229.03	140.581	13.396	0	41.814	606.26	198.934	43.004	0	131.397	1905.416	624.969	135.102	0	5.152	271.923	236.22	112.076	0	
F13 WT	4	2	F13WT20210629_002.tif	F13_4_2	148	585	1234.2	0.474	549.442	0.627	0.508	3.382	1976.044	606.86	2416.419	173.132	863.235	184.606	13.228	0	26.228	443.472	261.745	37.594	0	82.396	1393.289	822.627	118.106	0	3.219	207.461	311.579	84.602	0	
F13 WT	5	1	F13WT20210629_001.tif	F13_5	116	672	1340.459	0.501	644.999	0.801	0.458	5.514	1950.705	1553.422	3379.891	174.226	884.176	187.404	88.129	6.524	26.508	417.909	298.768	297.806	34.082	83.313	1313.078	938.903	937.525	107.072	3.265	182.912	400.856	826.458	139.932	
F13 WT	5	2	F13WT20210629_002.tif	F13_5_2	93	485	863.376	0.562	466.918	0.909	0.539	6.707	1185.698	1300.724	2469.783	88.506	562.128	152.374	43.788	16.58	13.359	291.022	236.431	149.603	95.707	41.97	914.381	742.768	469.992	300.672	1.639	136.505	309.405	416.913	436.262	
F13 WT	6	1	F13WT20210629_001.tif	F13_6	132	597	1259.786	0.474	574.406	0.723	0.458	4.43	1849.37	958.336	2832.685	176.463	822.262	218.426	42.635	0	27.292	403.862	338.256	131.644	0	85.74	1269.377	1063.151	414.416	0	3.411	185.008	441.672	328.246	0	
F13 WT	6	2	F13WT20210629_002.tif	F13_6_2	104	528	1032.618	0.511	488.604	0.75	0.508	4.946	1508.147	916.361	2420.527	152.761	662.955	165.073	51.829	0	23.531	332.793	242.394	171.661	0	73.924	1045.607	761.705	539.29	0	2.931	154.789	299.42	459.221	0	
F13 WT	7	1	F13WT20210629_003.tif	F7	179	853	1662.865	0.513	703.031	0.648	0.402	5.576	2553.743	1154.592	3387.41	241.736	1147.942	221.29	47.609	4.288	36.701	527.141	339.487	152.263	22.381	115.337	1656.225	1067.189	478.348	70.312	4.516	222.544	437.766	397.951	91.815	
F13 WT	7	2	F13WT20210629_004.tif	F7_2	151	779	1332.524	0.585	594.217	0.774	0.508	4.443	1820.204	1154.614	3211.853	161.076	862.258	255.428	53.762	0	24.312	417.955	416.832	163.163	0	76.414	1313.045	1309.803	512.591	0	2.974	185.335	569.609	396.695	0	
F13 WT	8	1	F13WT20210629_003.tif	F8	101	451	1057.185	0.427	536.281	0.797	0.524	5.842	1603.532	1070.945	2634.957	107.944	722.354	180.428	40.373	6.086	16.491	374.2	275.416	139.389	33.238	51.807	1175.584	865.244	437.903	104.42	2.038	176.658	356.947	392.431	142.871	
F13 WT	8	2	F13WT20210629_004.tif	F8_2	98	449	966.42	0.465	527.777	0.902	0.635	6.427	1436.854	1305.42	2712.757	84.294	672.022	142.705	55.575	11.823	12.714	371.445	220.415	193.148	65.378	39.944	1167.312	692.455	607.655	205.391	1.552	182.529	286.914	549.226	285.198	
F13 WT	9	1	F13WT20210629_003.tif	F9	128	340	809.572	0.42	348.741	0.68	0.381	5.777	1323.456	779.439	1731.854	121.575	567.192	80.223	33.214	7.369	18.599	254.781	117.682	120.404	39.488	58.429	800.962	370.146	378.262	124.055	2.301	107.007	145.427	358.22	166.484	
F13 WT	9	2	F13WT20210629_004.tif	F9_2	117	377	842.49	0.447	345.701	0.607	0.381	5.058	1397.429	539.329	1590.564	174.419	533.385	114.239	19.988	0.46	26.306	237.154	165.827	74.642	2.319	82.678	745.149	520.96	234.493	7.284	3.213	98.67	200.477	227.789	9.181	
F13 WT	11	1	F13WT20210629_003.tif	F11	192	766	1503.502	0.509	642.567	0.697	0.402	5.594	2268.348	1336.391	3267.808	179.511	1087.679	163.374	66.849	6.089	27.442	502.228	241.147	236.374	32.527	86.211	1577.886	758.117	743.409	102.185	3.398	213.889	300.652	681.853	136.6	
F13 WT	11	2	F13WT20210629_004.tif	F11_2	198	905	1658.866	0.546	710.349	0.68	0.402	6.017	2507.268	1372.825	3523.833	194.967	1207.235	184.288	65.683	6.693	30.151	550.477	281.82	222.729	36.166	94.721	1730.024	885.743	699.725	113.62	3.768	231.291	365.176	618.679	153.911	
F13 WT	12	1	F13WT20210629_003.tif	F12	135	567	1173.856	0.483	488.765	0.573	0.458	3.789	1888.58	472.899	2087.031	130.932	899.556	134.61	8.757	0	20.185	430.007	186.523	27.555	0	63.414	1351.07	585.979	86.568	0	2.518	187.645	213.605	69.13	0	
F13 WT	12	2	F13WT20210629_004.tif	F12_2	137	514	1047.549	0.491	434.177	0.557	0.458	3.137	1712.22	377.326	1810.581	117.611	807.852	117.386	4.7	0	17.985	387.602	157.377	13.245	0	56.537	1217.816	494.619	41.609	0	2.227	169.227	176.43	29.442	0	
F13 WT	13	1	F13WT20210629_006.tif	F13	176	782	1500.817	0.521	758.644	0.772	0.539	3.818	2196.401	1182.515	3620.443	164.068	953.729	342.956	40.065	0	25.014	481.409	530.427	115.168	0	78.583	1512.876	1667.172	361.812	0	3.084	225.83	690.71	262.891	0	
F13 WT	13	2	F13WT20210629_006.tif	F13__2	195	833	1676.908	0.497	829.196	0.742	0.524	3.818	2494.749	1219.315	3884.421	179.471	1109.367	348.185	39.885	0	27.379	558.58	535.472	114.683	0	86.013	1755.101	1683.019	360.287	0	3.379	260.231	693.843	261.861	0	
F13 WT	14	1	F13WT20210629_006.tif	F14	112	386	916.932	0.421	603.914	1.137	0.635	5.991	1355.194	1939.776	3220.639	101.188	501.864	199.687	106.308	7.886	15.435	254.01	319.34	393.365	42.957	48.489	798.167	1003.237	1235.792	134.954	1.904	118.109	429.619	1205.835	184.309	
F13 WT	14	2	F13WT20210629_006.tif	F14_2	121	385	918.576	0.419	492.447	0.859	0.524	5.904	1366.48	1050.875	2450.597	108.899	570.134	180.065	55.01	4.468	16.684	285.436	279.476	174.06	24.34	52.414	896.893	877.999	546.825	76.466	2.068	130.85	365.879	447.657	104.421	
F13 WT	15	1	F13WT20210629_006.tif	F15	148	480	1136.131	0.422	482.555	0.602	0.402	3.75	1865.376	599.845	2129.159	168.223	807.748	137.053	23.107	0	25.875	372.328	208.25	71.221	0	81.289	1169.887	654.235	223.748	0	3.218	157.86	264.176	174.59	0	
F13 WT	15	2	F13WT20210629_006.tif	F15_2	156	488	1196.967	0.408	508.305	0.594	0.402	3.75	1986.892	611.457	2215.926	176.091	860.715	137.053	23.107	0	27.027	398.761	208.25	71.221	0	84.908	1253.035	654.235	223.748	0	3.355	169.335	264.176	174.59	0	
F13 Mutant	1	1	F13Mutant20210629_001.tif	FM1	80	507	848.626	0.597	431.709	0.901	0.635	5.39	1083.445	1068.131	2396.63	86.801	517.834	190.651	45.886	7.455	12.935	268.575	293.739	148.876	38.54	40.636	843.879	923.33	467.709	121.077	1.563	127.52	383.325	399.165	156.559	
F13 Mutant	1	2	F13Mutant20210629_002.tif	FM1_2	71	307	568.83	0.54	333.979	1.048	0.635	5.909	743.741	1036.12	1878.684	63.892	312.262	130.217	54.978	7.481	9.744	157.439	202.852	187.481	39.979	30.611	494.722	637.968	589.785	125.598	1.202	72.939	265.59	528.221	168.168	
F13 Mutant	2	2	F13Mutant20210629_002.tif	FM2_2	114	664	1223.055	0.543	526.717	0.709	0.458	5.816	1788.847	1051.009	2692.462	181.255	812.772	183.851	38.751	6.425	27.585	380.229	280.476	133.594	34.728	86.661	1194.899	881.357	420.443	109.101	3.396	164.494	358.853	376.609	147.657	
F13 Mutant	3	1	F13Mutant20210629_001.tif	FM2	108	462	1110.126	0.416	517.568	0.784	0.458	6.482	1675.608	1360.7	2764.514	137.308	750.607	152.861	53.016	16.333	20.819	358.696	225.829	183.346	91.254	65.403	1126.967	709.464	575.997	286.681	2.555	156.515	280.132	519.035	402.463	
F13 Mutant	3	2	F13Mutant20210629_002.tif	FM3_2	96	526	874.849	0.601	378.874	0.704	0.458	4.932	1246.604	648.896	1920.658	102.655	601.733	142.793	27.669	0	15.486	288.782	215.503	91.503	0	48.687	907.234	677.272	287.465	0	1.893	125.685	272.841	248.477	0	
F13 Mutant	4	1	F13Mutant20210629_001.tif	FM4	104	430	1039.229	0.414	442.031	0.632	0.381	4.968	1679.428	695.38	2045.704	149.17	728.471	134.733	26.856	0	22.836	321.526	208.575	98.154	0	71.74	1010.345	655.259	308.359	0	2.828	129.426	269.724	293.401	0	
F13 Mutant	4	2	F13Mutant20210629_002.tif	FM4_2	120	352	879.484	0.4	421.342	0.753	0.402	6.107	1412.708	1006.835	2080.442	135.773	581.996	107.658	44.465	9.592	20.694	266.785	164.916	157.399	52.312	65.011	838.507	518.097	494.483	164.344	2.552	113.867	212.775	452.922	224.72	
F13 Mutant	5	1	F13Mutant20210629_001.tif	FM5	67	485	978.513	0.496	500.374	0.831	0.524	6.223	1377.111	1107.117	2535.081	77.265	676.541	167.493	49.501	7.713	11.543	336.259	251.023	165.105	42.698	36.3	1056.668	789.282	518.693	134.139	1.406	151.992	315.834	451.6	186.285	
F13 Mutant	5	2	F13Mutant20210629_002.tif	FM5_2	85	459	1014.309	0.453	513.596	0.844	0.508	5.909	1438.823	1211.578	2672.147	95.855	676.991	178.456	58.164	4.842	14.805	328.897	273.977	206.062	26.556	46.511	1033.59	860.724	647.895	83.428	1.848	145.191	353.735	596.148	114.656	
F13 Mutant	6	1	F13Mutant20210629_001.tif	FM6	68	291	629.45	0.462	399.116	1.107	0.762	5.388	791.467	1128.828	2186.375	43.413	331.898	200.431	48.971	4.737	6.599	170.706	315.521	178.309	24.81	20.731	536.288	991.239	560.175	77.942	0.811	80.78	413.933	531.211	102.093	
F13 Mutant	6	2	F13Mutant20210629_002.tif	FM6_2	102	552	990.427	0.557	472.874	0.789	0.458	5.474	1385.245	1094.146	2434.2	128.991	641.889	162.776	50.155	6.616	19.814	303.311	238.699	177.759	34.994	62.248	952.971	750.599	558.446	109.936	2.462	134.172	295.353	516.708	145.452	
F13 Mutant	7	1	F13Mutant20210629_003.tif	FM7	118	727	1239.653	0.586	571.499	0.731	0.508	5.12	1818.952	958.851	2829.135	142.565	836.018	221.729	38.665	0.677	21.212	411.238	343.243	121.354	3.418	66.639	1292.183	1078.329	381.245	10.738	2.554	185.079	446.983	310.675	13.561	
F13 Mutant	7	2	F13Mutant20210629_004.tif	FM7_2	112	517	1035.094	0.499	533.346	0.774	0.524	3.772	1566.664	839.973	2501.178	103.184	681.561	216.934	33.415	0	15.451	341.785	340.072	98.427	0	48.542	1074.031	1068.572	310.034	0	1.872	156.025	450.735	231.342	0	
F13 Mutant	8	1	F13Mutant20210629_003.tif	FM8	143	691	1359.881	0.508	593.6	0.711	0.458	5.981	2014.165	1323.877	3022.184	215.782	918.485	161.292	50.233	14.09	32.844	437.38	242.805	170.094	78.798	103.183	1374.288	762.796	534.366	247.552	4.045	192.225	308.981	471.75	346.875	
F13 Mutant	8	2	F13Mutant20210629_004.tif	FM8_2	127	657	1213.115	0.542	534.245	0.713	0.458	5.182	1765.144	980.183	2680.464	146.401	838.779	182.892	42.124	2.919	22.486	398.385	273.228	144.122	14.821	70.678	1251.675	858.777	452.773	46.561	2.801	172.674	341.719	403.887	59.102	
F13 Mutant	9	1	F13Mutant20210629_003.tif	FM9	129	362	952.426	0.38	495.459	0.82	0.458	6.799	1500.312	1335.215	2443.292	128.699	632.135	125.111	47.726	18.755	19.672	295.187	189.452	163.207	109.893	61.8	927.938	595.587	512.73	345.238	2.431	126.327	240.115	457.082	509.26	
F13 Mutant	9	2	F13Mutant20210629_004.tif	FM9_2	122	420	979.216	0.429	492.753	0.833	0.402	6.988	1542.675	1671.115	2603.059	152.524	646.185	98.028	55.444	27.034	23.431	292.263	151.823	199.396	161.425	73.61	918.93	476.967	626.42	507.132	2.91	121.392	196.936	586.474	763.403	
F13 Mutant	10	1	F13Mutant20210629_003.tif	FM10	109	517	949.184	0.545	422.596	0.645	0.508	3.937	1449.43	510.694	1907.989	140.95	636.407	159.878	11.949	0	21.546	321.492	229.495	34.799	0	67.688	1009.998	720.978	109.324	0	2.666	151.253	275.637	81.137	0	
F13 Mutant	10	2	F13Mutant20210629_004.tif	FM10_2	80	232	663.033	0.35	356.354	0.795	0.508	5.883	1086.147	737.632	1656.311	71.363	453.059	103.758	29.535	5.319	11.001	230.997	146.424	110.411	28.296	34.561	725.697	460.291	346.866	88.895	1.372	106.961	173.366	337.406	118.527	
F13 Mutant	11	1	F13Mutant20210629_003.tif	FM11	22	188	380.719	0.494	162.5	0.693	0.508	3.059	545.48	233.934	810.373	64.061	239.503	71.79	5.366	0	9.723	122.422	111.368	14.403	0	30.545	384.705	349.874	45.249	0	1.199	56.822	145.446	30.469	0	
F13 Mutant	11	2	F13Mutant20210629_004.tif	FM11_2	29	85	257.104	0.331	131.205	0.753	0.524	3.81	403.072	211.413	600.234	51.648	141.472	53.442	10.543	0	8.146	73.828	75.811	33.275	0	25.592	231.938	238.168	104.535	0	1.036	35.793	90.848	83.735	0	
F13 Mutant	12	1	F13Mutant20210629_003.tif	FM12	108	478	1017.585	0.47	457.483	0.672	0.508	3.363	1535.558	609.843	2127.281	147.957	675.26	177.441	16.927	0	22.804	337.074	269.758	47.44	0	71.641	1059.133	847.469	149.038	0	2.841	155.853	346.023	105.127	0	
F13 Mutant	12	2	F13Mutant20210629_004.tif	FM12_2	81	303	748.123	0.405	378.737	0.743	0.508	5.68	1168.855	663.495	1742.183	68.144	535.08	117.895	21.85	5.155	10.434	272.94	166.597	76.672	27.788	32.779	857.522	523.709	240.873	87.299	1.293	126.455	197.097	220.903	117.748	
F13 Mutant	13	1	F13Mutant20210629_005.tif	FM13	168	551	1180.75	0.467	532.93	0.718	0.458	5.207	1827.888	964.595	2623.38	138.817	822.674	174.456	43.681	1.121	20.87	389.546	268.564	150.198	5.728	65.564	1224.238	843.719	471.862	17.996	2.539	167.353	348.123	423.593	22.988	
F13 Mutant	13	2	F13Mutant20210629_006.tif	FM13_2	180	683	1505.213	0.454	640.083	0.66	0.402	6.615	2382.002	1283.671	3120.915	232.271	1047.337	168.473	48.704	8.427	35.458	481.459	247.121	180.809	48.421	111.393	1512.783	776.591	568.029	152.118	4.384	205.037	305.108	549.275	219.868	
F13 Mutant	14	1	F13Mutant20210629_005.tif	FM14	149	777	1536.674	0.506	671.43	0.689	0.458	5.798	2324.267	1194.152	3301.86	206.996	1069.098	209.159	47.551	3.87	31.731	516.118	317.353	164.903	20.777	99.687	1621.432	997.412	518.059	65.271	3.944	229.186	406.45	466.787	87.784	
F13 Mutant	14	2	F13Mutant20210629_006.tif	FM14_2	171	728	1458.604	0.499	682.922	0.72	0.524	4.72	2152.938	1070.473	3270.853	161.591	1002.844	251.784	42.385	0	24.57	506.337	369.997	140.138	0	77.188	1591.03	1162.38	440.255	0	3.027	234.544	456.427	376.474	0	
F13 Mutant	15	1	F13Mutant20210629_005.tif	FM15	200	676	1565.557	0.432	724.418	0.713	0.458	5.496	2440.732	1381.343	3497.71	207.804	1085.54	190.935	78.286	2.992	31.914	509.926	292.353	263.138	15.332	100.259	1601.979	919.103	826.672	49.697	3.967	218.66	376.936	716.023	65.758	
F13 Mutant	15	2	F13Mutant20210629_006.tif	FM15_2	119	359	849.656	0.423	469.785	0.985	0.524	6.269	1218.904	1488.371	2649.793	93.302	500.008	177.941	64.609	13.795	13.842	245.987	272.849	235.483	75.226	43.486	773.005	857.182	739.791	236.329	1.665	111.471	349.921	702.07	323.244	
GHu WT	1	1	GHuWildType20210629_001.tif	GHu1	70	333	762.998	0.436	477.418	1.094	0.635	7.679	1076.239	1706.246	2632.427	53.055	479.666	150.79	54.374	25.113	7.925	253.028	237.766	184.913	154.296	24.896	794.911	746.965	580.922	484.734	0.958	119.647	316.154	513.949	755.538	
GHu WT	1	2	GHuWildType20210629_002.tif	GHu1_2	68	426	872.706	0.488	511.842	0.961	0.568	6.202	1227.089	1416.151	2625.472	82.375	554.534	159.987	61.658	14.152	12.45	280.659	249.531	212.985	80.077	39.15	881.717	783.925	669.111	251.568	1.525	129.96	328.952	598.566	357.148	
GHu WT	2	1	GHuWildType20210629_001.tif	GHu2	138	605	1200.593	0.504	586.588	0.749	0.524	5.436	1808.023	1061.06	2821.945	121.364	854.03	175.855	44.744	4.599	18.235	441.127	261.574	153.289	23.851	57.36	1386.325	821.759	481.572	74.929	2.223	207.015	327.174	427.465	97.184	
GHu WT	2	2	GHuWildType20210629_002.tif	GHu2_2	103	439	930.083	0.472	523.729	0.962	0.635	6.149	1282.748	1311.519	2802.952	86.28	532.555	247.482	55.211	8.554	13.182	274.261	372.525	184.821	47.057	41.449	862.213	1170.823	580.634	147.834	1.631	129.704	470.143	506.045	203.995	
GHu WT	3	1	GHuWildType20210629_001.tif	GHu3	96	364	737.152	0.494	392.374	0.86	0.508	5.843	1094.798	993.087	1996.286	94.606	461.563	128.725	43.673	8.585	14.176	224.874	196.019	154.675	45.563	44.535	706.874	615.812	485.924	143.141	1.719	100.27	249.696	451.147	190.254	
GHu WT	3	2	GHuWildType20210629_002.tif	GHu3_2	131	557	1049.347	0.531	476.193	0.732	0.458	5.037	1548.97	880.631	2402.856	173.516	639.324	197.036	39.254	0.217	26.277	305.333	302.703	129.32	1.09	82.586	959.605	950.97	406.27	3.425	3.222	135.689	389.229	348.185	4.306	
GHu WT	4	1	GHuWildType20210629_001.tif	GHu4	153	522	1077.425	0.484	415.12	0.543	0.402	3.818	1753.755	419.133	1813.012	161.72	801.029	107.868	6.809	0	24.968	365.389	165.93	20.743	0	78.438	1148.125	521.283	65.165	0	3.118	152.873	212.562	50.579	0	
GHu WT	4	2	GHuWildType20210629_002.tif	GHu4_2	139	426	953.866	0.447	389.58	0.564	0.402	4.418	1572.861	442.466	1677.614	133.212	711.975	97.596	11.083	0	20.143	324.247	150.884	38.56	0	63.316	1018.89	474.268	121.141	0	2.467	134.965	196.597	108.437	0	
GHu WT	5	1	GHuWildType20210629_001.tif	GHu5	62	162	414.883	0.39	199.5	0.681	0.458	3.752	667.285	281.552	887.021	65.681	267.624	68.32	13.258	0	9.977	130.167	102.513	39.56	0	31.344	409.023	322.373	124.281	0	1.228	58.86	127.505	93.96	0	
GHu WT	5	2	GHuWildType20210629_002.tif	GHu5_2	44	214	423.622	0.505	184.262	0.682	0.458	2.718	625.157	252.388	893.907	51.385	281.623	89.277	1.338	0	7.706	131.918	141.47	3.445	0	24.21	414.433	444.443	10.822	0	0.935	56.749	187.733	6.971	0	
GHu WT	6	1	GHuWildType20210629_001.tif	GHu6	85	342	759.001	0.451	381.382	0.891	0.508	6.929	1097.35	1133.984	2138.894	84.518	469.723	140.773	55.119	8.869	12.657	219.607	203.673	192.46	51.955	39.763	690.043	639.859	604.632	164.597	1.534	96.018	247.414	543.847	245.171	
GHu WT	6	2	GHuWildType20210629_002.tif	GHu6_2	101	272	582.938	0.467	319.975	1.1	0.508	6.476	847.684	1434.707	2051.969	67.225	342.494	89.789	62.18	21.25	10.136	156.023	148.048	218.707	120.16	31.844	490.44	465.106	687.087	377.492	1.237	65.513	204.458	627.12	536.379	
GHu WT	7	1	GHuWildType20210629_003.tif	GHu7	186	844	1430.649	0.59	605.829	0.646	0.458	4.206	2149.738	838.853	2874.357	217.048	972.957	209.544	31.1	0	33.27	473.66	313.618	94.138	0	104.522	1488.83	985.26	295.744	0	4.123	212.533	394.024	228.173	0	
GHu WT	7	2	GHuWildType20210629_004.tif	GHu7_2	177	1060	1603.498	0.661	608.809	0.597	0.402	5.664	2372.293	959.658	2980.934	211.106	1208.604	145.803	31.29	6.695	32.342	563.485	205.919	111.117	35.592	101.606	1771.083	647.345	349.085	111.814	4.006	241.14	244.109	321.622	148.781	
GHu WT	8	1	GHuWildType20210629_003.tif	GHu8	65	351	671.637	0.523	311.693	0.706	0.524	4.418	976.442	451.884	1481.461	67.042	474.035	116.425	14.135	0	9.997	243.067	171.954	46.372	0	31.407	763.944	540.426	145.683	0	1.208	113.068	214.536	123.072	0	
GHu WT	8	2	GHuWildType20210629_004.tif	GHu8_2	58	285	509.347	0.56	253.209	0.778	0.635	3.685	720.587	384.966	1227.179	29.967	368.546	93.598	17.237	0	4.626	199.8	133.86	52.337	0	14.534	627.691	420.534	164.42	0	0.577	97.144	161.103	126.142	0	
GHu WT	9	1	GHuWildType20210629_003.tif	GHu9	160	695	1475.4	0.471	663.366	0.719	0.402	5.991	2235.095	1442.334	3321.345	181.147	1042.543	168.786	75.515	7.408	27.776	476.025	246.65	266.438	40.295	87.262	1495.577	774.874	837.04	126.592	3.448	198.899	303.311	764.117	172.559	
GHu WT	9	2	GHuWildType20210629_004.tif	GHu9_2	141	488	1180.806	0.413	572.253	0.832	0.458	5.85	1764.451	1603.468	3113.088	120.345	807.572	165.309	69.413	18.167	18.523	379.633	250.917	243.821	97.958	58.193	1192.885	788.28	765.985	307.744	2.305	164.379	320.77	700.367	415.648	
GHu WT	10	1	GHuWildType20210629_003.tif	GHu10	125	614	1086.049	0.565	415.838	0.558	0.402	4.152	1712.149	494.894	1897.595	157.338	819.48	89.802	19.428	0	24.196	383.063	134.187	62.327	0	76.049	1203.509	422.231	195.806	0	3.014	162.568	169.938	159.373	0	
GHu WT	10	2	GHuWildType20210629_004.tif	GHu10_2	115	280	695.26	0.403	323.076	0.739	0.508	4.946	1103.818	653.063	1602.706	63.031	516.01	75.919	40.301	0	9.601	246.361	112.271	141.924	0	30.162	773.967	352.71	445.867	0	1.184	104.943	140.919	406.016	0	
GHu WT	11	1	GHuWildType20210629_003.tif	GHu11	80	324	585.413	0.553	294.987	0.861	0.635	4.714	765.052	584.419	1571.732	53.066	362.012	146.714	23.621	0	8.041	187.381	230.746	73.925	0	25.261	588.854	725.376	232.241	0	0.986	89.575	304.153	189.705	0	
GHu WT	11	2	GHuWildType20210629_004.tif	GHu11_2	123	459	836.151	0.549	355.33	0.721	0.402	5.138	1236.53	819.975	1906.107	139.104	541.172	105.625	48.845	1.406	20.953	245.586	166.569	166.357	7.107	65.862	772.001	523.292	522.625	22.327	2.558	102.836	222.423	463.943	28.214	
GHu WT	12	1	GHuWildType20210629_003.tif	GHu12	140	364	1029.188	0.354	521.172	0.692	0.458	4.602	1710.787	756.341	2239.017	125.762	704.382	168.733	30.312	0	19.047	322.232	275.817	95.489	0	59.839	1012.459	866.731	299.987	0	2.337	134.221	376.819	242.964	0	
GHu WT	12	2	GHuWildType20210629_004.tif	GHu12_2	130	363	1096.55	0.331	528.938	0.766	0.402	6.249	1731.565	1152.817	2609.022	121.947	755.91	147.681	65.127	5.884	18.68	329.514	239.115	210.332	32.503	58.686	1035.289	751.203	661.733	102.111	2.315	130.41	323.595	554.873	141.625	
GHu WT	13	1	GHuWildType20210629_005.tif	GHu13	136	772	1306.968	0.591	561.217	0.654	0.508	3.896	1897.081	755.386	2660.247	140.856	955.025	188.946	22.141	0	21.585	469.299	285.393	70.087	0	67.812	1475.01	897.238	220.186	0	2.676	212.004	363.449	177.257	0	
GHu WT	13	2	GHuWildType20210629_006.tif	GHu13_1	146	685	1191.209	0.575	532.511	0.688	0.458	4.658	1729.805	792.201	2569.179	126.725	830.88	209.032	24.572	0	19.219	402.999	318.505	76.935	0	60.378	1266.489	1000.612	241.699	0	2.358	181.794	411.124	196.926	0	
GHu WT	14	1	GHuWildType20210629_005.tif	GHu14	106	375	815.285	0.46	418.181	0.739	0.524	5.282	1264.638	657.549	1889.595	75.508	573.727	136.433	28.148	1.47	11.638	295.571	191.06	95.583	7.546	36.562	928.814	600.232	300.282	23.706	1.452	138.606	224.235	262.816	30.44	
GHu WT	14	2	GHuWildType20210629_006.tif	GHu14_2	101	512	979.178	0.523	470.136	0.725	0.524	4.137	1462.1	704.404	2213.51	101.126	675.074	167.997	34.981	0	15.453	341.936	242.682	104.237	0	48.547	1074.495	762.407	328.061	0	1.909	158.363	295.736	248.396	0	
GHu WT	15	1	GHuWildType20210629_005.tif	GHu15	74	336	646.935	0.519	392.959	1.13	0.803	6.706	775.442	1227.327	2288.156	40.459	346.041	204.584	44.543	11.307	6.275	191.744	311.31	152.986	65.593	19.714	602.704	978.442	481.23	206.066	0.786	96.665	398.197	430.684	300.995	
GHu WT	15	2	GHuWildType20210629_006.tif	GHu15_2	73	324	637.595	0.508	347.874	0.947	0.635	5.498	865.587	839.415	1897.093	55.87	386.906	149.493	43.126	2.199	8.169	204.279	241.406	138.496	11.513	25.664	641.762	758.4	435.098	36.169	0.966	97.263	328.718	365.087	47.381	
GHu Mutant	1	1	GHuMutant1E80220210629_003.tif	GM1	106	416	871.679	0.477	452.689	0.836	0.458	5.36	1300.987	1149.655	2296.123	123.465	551.558	125.728	65.219	5.709	18.884	255.175	199.802	227.445	29.475	59.325	801.657	628	714.541	92.6	2.336	110.584	267.746	649.434	119.555	
GHu Mutant	1	2	GHuMutant1E80220210629_004.tif	GM1_2	103	489	886.447	0.552	413.229	0.807	0.458	5.282	1261.222	988.283	2228.607	107.158	568.284	161.682	47.932	1.391	16.521	262.512	248.183	175.038	7.1	51.903	824.812	779.69	549.897	22.305	2.06	112.188	319.95	525.609	28.477	
GHu Mutant	2	1	GHuMutant1E80220210629_003.tif	GM2	88	314	621.85	0.505	257.415	0.68	0.402	4.348	948.234	486.558	1307.869	126.201	384.207	80.102	31.34	0	18.756	179.987	116.179	101.385	0	58.924	565.446	364.986	318.512	0	2.256	79.357	142.174	262.771	0	
GHu Mutant	2	2	GHuMutant1E80220210629_004.tif	GM2_2	87	278	578.073	0.481	246.387	0.747	0.381	4.833	890.966	664.786	1354.792	126.561	345.293	61.701	44.518	0	18.933	156.7	94.241	161.244	0	59.481	492.466	296.282	506.563	0	2.292	66.314	121.066	475.114	0	
GHu Mutant	3	1	GHuMutant1E80220210629_003.tif	GM3	175	819	1382.38	0.592	478.555	0.537	0.359	3.869	2204.232	637.918	2310.954	303.392	906.164	145.294	27.53	0	45.493	384.096	225.237	80.633	0	142.921	1207.114	707.602	253.317	0	5.52	150.698	293.985	187.715	0	
GHu Mutant	3	2	GHuMutant1E80220210629_004.tif	GM3_2	142	427	842.256	0.507	360.189	0.699	0.402	5.024	1338.121	719.999	1834.622	153.905	528.341	123.04	36.717	0.254	23.276	243.333	185.966	129.994	0.956	73.125	764.668	584.432	408.39	4.007	2.848	102.24	235.336	374.546	5.029	
GHu Mutant	4	1	GHuMutant1E80220210629_003.tif	GM4	236	1082	1950.675	0.555	769.793	0.591	0.458	4.56	3012.255	960.182	3586.206	268.132	1450.742	196.237	35.564	0	40.916	706.134	276.999	117.118	0	128.541	2218.857	870.871	367.937	0	5.049	311.743	330.847	312.543	0	
GHu Mutant	4	2	GHuMutant1E80220210629_004.tif	GM4_2	173	933	1782.704	0.523	741.978	0.622	0.458	4.01	2728.025	933.396	3428.32	234.875	1288.868	224.469	34.492	0	35.866	626.104	323.163	105.791	0	112.675	1967.545	1015.246	332.853	0	4.432	276.528	392.014	260.422	0	
GHu Mutant	5	1	GHuMutant1E80220210629_003.tif	GM5	257	1527	2182.651	0.7	809.01	0.604	0.402	5.372	3163.877	1306.645	4106.072	331.85	1568.127	227.477	50.745	4.452	50.529	725.049	334.981	172.597	23.054	158.778	2279.089	1053.551	542.228	72.425	6.226	307.302	417.578	481.755	93.785	
GHu Mutant	5	2	GHuMutant1E80220210629_004.tif	GM5_2	281	1361	2151.514	0.633	812.881	0.632	0.402	6.411	3145.158	1668.853	4290.413	328.725	1540.588	202.911	65.589	13.701	49.808	711.161	298.191	230.419	75.343	156.478	2234.947	937.224	723.884	237.879	6.115	301.858	368.561	662.129	330.191	
GHu Mutant	6	1	GHuMutant1E80220210629_003.tif	GM6	190	834	1647.72	0.506	659.72	0.623	0.381	5.058	2534.755	1082.985	3189.239	276.264	1133.987	184.074	53.241	0.153	41.968	508.519	285.017	178.555	0.775	131.881	1598.568	895.407	560.946	2.436	5.165	211.148	372.259	491.332	3.08	
GHu Mutant	6	2	GHuMutant1E80220210629_004.tif	GM6_2	206	1085	1763.931	0.615	724.49	0.659	0.458	6.995	2591.659	1408.458	3617.871	252.419	1265.642	186.831	45.112	13.928	38.65	603.255	274.227	154.991	80.121	121.422	1896.084	861.738	486.92	251.707	4.785	262.722	339.917	435.717	365.317	
GHu Mutant	7	1	GHuMutant1E80220210629_001.tif	GM7	128	527	921.601	0.572	408.527	0.634	0.402	5.307	1459.295	798.528	1837.194	145.496	677.292	56.298	39.676	2.84	22.198	309.571	82.005	156.14	14.796	69.737	972.817	257.627	490.529	46.484	2.741	128.531	102.613	504.092	60.553	
GHu Mutant	7	2	GHuMutant1E80220210629_002.tif	GM7_2	122	457	864.486	0.529	365.108	0.595	0.381	4.902	1400.882	598.874	1606.63	121.421	647.745	65.933	29.387	0	18.614	284.781	91.366	116.588	0	58.479	894.844	287.035	366.273	0	2.307	114.213	107.207	375.146	0	
GHu Mutant	8	1	GHuMutant1E80220210629_001.tif	GM8	168	834	1553.517	0.537	704.821	0.681	0.458	6.731	2411.591	1392.26	3297.178	231.815	1105.602	140.238	65.979	9.883	35.594	518.449	213.589	223.495	58.14	111.857	1629.2	671.338	702.129	182.654	4.424	222.048	277.581	617.29	270.916	
GHu Mutant	8	2	GHuMutant1E80220210629_002.tif	GM8_2	179	807	1490.157	0.542	656.067	0.687	0.458	5.991	2243.616	1227.455	3204.635	208.287	1046.554	169.863	58.395	7.058	31.852	499.845	259.301	190.511	38.507	100.065	1570.473	814.617	598.508	120.972	3.944	217.32	334.352	506.489	165.35	
GHu Mutant	9	1	GHuMutant1E80220210629_001.tif	GM9	183	725	1399.221	0.518	669.253	0.863	0.508	6.561	1995.198	2101.018	3799.763	169.64	919.96	208.069	73.072	28.479	25.833	452.505	307.04	259.039	164.876	81.156	1421.94	964.899	813.796	517.973	3.186	205.599	386.634	752.067	753.533	
GHu Mutant	9	2	GHuMutant1E80220210629_002.tif	GM9_2	141	878	1407.197	0.624	641.325	0.839	0.524	6.286	1870.017	1791.322	3688.643	175.16	903.284	243.875	65.999	18.879	26.374	447.907	364.876	227.561	107.124	82.857	1407.326	1147.015	714.905	336.54	3.218	204.351	462.158	642.3	479.294	
GHu Mutant	10	1	GHuMutant1E80220210629_001.tif	GM10	121	523	880.033	0.594	362.269	0.685	0.458	4.907	1269.799	688.11	1892.877	112.704	619.792	113.922	33.615	0	17.108	297.475	168.432	118.934	0	53.747	935.065	529.144	374.921	0	2.103	131.038	208.824	346.145	0	
GHu Mutant	10	2	GHuMutant1E80220210629_002.tif	GM10_2	132	670	1139.238	0.588	447.745	0.704	0.402	5.12	1626.954	1094.303	2506.361	163.336	785.252	123.41	66.744	0.497	25.176	344.322	183.775	241.82	2.521	79.094	1082.042	577.606	759.7	7.92	3.138	139.277	231.092	710.754	10.043	
GHu Mutant	11	1	GHuMutant1E80220210629_001.tif	GM11	106	285	719.223	0.396	374.423	0.792	0.458	4.67	1104.19	723.719	1781.102	99.711	443.313	134.19	42.009	0	15.107	201.442	216.798	133.53	0	47.462	632.85	681.295	419.495	0	1.852	84.63	293.809	343.428	0	
GHu Mutant	11	2	GHuMutant1E80220210629_002.tif	GM11_2	86	329	757.38	0.434	367.35	0.739	0.458	3.829	1145.692	553.204	1728.169	84.913	490.983	162.737	18.746	0	13.165	231	251.976	53.832	0	41.359	726.088	791.605	169.117	0	1.649	101.013	327.156	123.386	0	
GHu Mutant	12	1	GHuMutant1E80220210629_001.tif	GM12	103	776	1326.061	0.585	671.382	0.846	0.635	4.907	1703.513	1267.56	3493.746	97.096	866.238	300.756	61.971	0	14.769	468.277	429.072	199.538	0	46.399	1471.457	1349.023	626.867	0	1.818	229.248	516.627	519.867	0	
GHu Mutant	12	2	GHuMutant1E80220210629_002.tif	GM12_2	147	894	1587.534	0.563	738.716	0.771	0.508	5.747	2170.106	1481.763	3831.246	162.449	1079.761	269.904	70.445	4.976	24.924	537.778	397.472	232.452	26.672	78.3	1689.688	1249.198	730.269	83.791	3.094	246.652	494.128	625.412	112.476	
GHu Mutant	13	1	GHuMutant1E80220210629_005.tif	GM13	206	735	1512.334	0.486	603.563	0.616	0.402	4.579	2388.271	901.082	2892.136	221.77	1079.115	167.699	43.749	0	33.919	490.287	256.018	140.052	0	106.559	1541.079	804.51	439.988	0	4.195	206.164	328.807	361.916	0	
GHu Mutant	13	2	GHuMutant1E80220210629_006.tif	GM13_2	186	671	1267.98	0.529	507.564	0.591	0.402	4.379	2038.864	654.945	2332.65	192.09	905.991	149.821	20.078	0	29.47	418.971	226.218	67.601	0	92.582	1317.007	710.686	212.376	0	3.66	180.314	287.41	183.561	0	
GHu Mutant	14	1	GHuMutant1E80220210629_005.tif	GM14	149	626	1259.292	0.497	623.466	0.793	0.508	5.784	1874.495	1372.687	3117.239	125.619	871.735	191.274	61.573	9.09	19.223	416.417	294.799	212.712	48.833	60.425	1308.484	926.661	668.256	153.413	2.381	182.023	383.631	598.27	206.382	
GHu Mutant	14	2	GHuMutant1E80220210629_006.tif	GM14_2	201	727	1326.769	0.548	595.454	0.731	0.402	6.609	2020.878	1414.819	3044.451	208.238	894.687	157.917	52.755	13.172	31.42	424.69	250.642	185.964	76.215	98.781	1334.595	787.416	584.222	239.437	3.841	186.664	335.382	540.114	348.817	
GHu Mutant	15	1	GHuMutant1E80220210629_005.tif	GM15	147	690	1278.947	0.54	587.221	0.716	0.508	5.024	1890.811	900.999	2835.919	157.208	859.106	231.573	30.907	0.153	23.668	431.188	350.98	96.036	0.769	74.356	1354.805	1102.636	301.705	2.417	2.883	197.146	451.565	246.371	3.033	
GHu Mutant	15	2	GHuMutant1E80220210629_006.tif	GM15_2	109	649	1270.941	0.511	589.192	0.728	0.524	3.789	1815.977	841.784	2860.049	132.521	856.185	255.166	27.07	0	19.925	443.299	366.742	80.199	0	62.596	1392.848	1152.155	252.451	0	2.429	209.824	440.178	189.353	0	
